||True|[0,93][1080,2263]
1×||False|[382,1641][434,1687]
2×||False|[518,1643][566,1686]
5×||False|[650,1643][698,1686]
Vídeo||True|[474,1748][606,1880]
Foto||True|[717,1748][849,1880]
Mais||True|[958,1748][1080,1880]
||True|[89,1947][232,2090]
|Trocar câmera|False|[125,1983][197,2055]
||True|[430,1908][650,2128]
||True|[69,113][201,245]
FHD||False|[100,144][144,213]
30||False|[139,163][169,193]
||True|[271,113][403,245]
EIS||False|[309,146][365,212]
||True|[475,114][607,246]
|Flash|False|[505,144][577,216]
||True|[678,114][810,246]
|Timer desativado|False|[708,144][780,216]
||True|[881,114][1013,246]
|Mais opções|False|[914,147][980,213]
