||True|[0,93][1080,2263]
1×||False|[382,1641][434,1687]
2×||False|[518,1643][566,1686]
5×||False|[650,1643][698,1686]
Vídeo||True|[232,1748][364,1880]
Foto||True|[475,1748][607,1880]
||True|[89,1947][232,2090]
|Trocar câmera|False|[125,1983][197,2055]
||True|[430,1908][650,2128]
||True|[67,113][201,245]
MAX||False|[112,140][156,218]
||True|[271,113][403,245]
9:16||False|[309,136][365,223]
||True|[475,114][607,246]
|Flash|False|[505,144][577,216]
||True|[678,114][810,246]
|Timer desativado|False|[708,144][780,216]
||True|[881,114][1013,246]
|Recolher|False|[914,147][980,213]
||True|[112,275][244,407]
|Melhoria|False|[145,308][211,374]
||True|[354,275][486,407]
|HDR|False|[384,305][456,377]
||True|[597,275][729,407]
|Grade|False|[627,305][699,377]
||True|[839,275][971,407]
|Configurações|False|[869,305][941,377]
